15 15 0
............xx.
............xx.
............xx.
...............
...............
...............
...........xx..
...........xx..
...............
...............
...xxx.........
...xxx.........
...xxx......xx.
............xx.
...............
7 7 6 6 3 -1 -1 -1
NA
NA
7 6 6 6 2 -1 -1 -1
NA
MOVE E
7 5 6 6 1 -1 -1 -1
NA
MOVE S
7 4 6 6 0 -1 -1 -1
NA
MOVE S
7 3 6 6 0 -1 -1 -1
NA
TORPEDO 3 4|MOVE W
7 2 6 6 3 -1 -1 -1
NA
MOVE S
8 2 6 6 3 -1 -1 -1
NA
MOVE S
8 3 6 6 3 -1 -1 -1
NA
MOVE E
9 3 6 6 3 -1 -1 -1
NA
TORPEDO 3 6|MOVE S
10 3 6 6 3 -1 -1 -1
NA
MOVE W
11 3 6 6 3 -1 -1 -1
NA
MOVE S
11 2 6 6 3 -1 -1 -1
NA
MOVE S
11 1 6 6 3 -1 -1 -1
NA
TORPEDO 2 5|MOVE E
12 1 6 6 3 -1 -1 -1
NA
MOVE E
12 0 6 6 3 -1 -1 -1
NA
MOVE E
S
12 0 5 6 3 -1 -1 -1
NA
MOVE E
